  56843 NOUN
  34420 PUNCT
  26547 VERB
  24712 PROPN
  17796 ADJ
  14145 ADV
  11518 AUX
  11384 CCONJ
  11199 PRON
   7955 NUM
   4616 ADP
   2423 SCONJ
    612 X
    498 SYM
     95 _
     12 1
     11 INTJ
      4 16
      3 2
      2 47
      2 150
      1 中国;
      1 ગાંધી
      1 محمد
      1 بن
      1 ابن
      1 eu
      1 8
      1 70
      1 7
      1 637
      1 6
      1 50
      1 5
      1 493
      1 466
      1 452
      1 400
      1 37
      1 365
      1 362
      1 311
      1 31
      1 3
      1 268
      1 260
      1 24
      1 21
      1 2014
      1 2007
      1 132
      1 10
      1 :
