 180775 NOUN
 155107 ADP
 151514 DET
 108754 PUNCT
  67816 VERB
  67188 ADJ
  55999 PROPN
  37056 ADV
  33925 _
  32077 PRON
  24954 CCONJ
  23709 AUX
  22386 NUM
   7657 SCONJ
   3395 X
   2511 SYM
     30 PART
     11 INTJ
      5 1
      4 000
      3 30
      2 6
      2 500
      2 40
      1 86
      1 84
      1 820
      1 80
      1 7s2
      1 700
      1 7
      1 650
      1 60
      1 55
      1 49
      1 4
      1 385
      1 300
      1 3
      1 210
      1 2011
      1 200
      1 20
      1 187
      1 156
      1 143
      1 128
      1 110
      1 100
      1 /1
