  40058 NOUN
  20625 PUNCT
  12672 VERB
   9844 ADJ
   9158 PROPN
   6044 ADP
   5509 CCONJ
   4188 ADV
   4025 AUX
   3971 PRON
   2918 DET
   2640 NUM
   1814 SCONJ
   1223 PART
   1166 X
    961 SYM
     13 000
      7 30
      6 INTJ
      6 15
      6 10
      5 3
      4 40
      4 4
      3 700
      3 50
      3 25
      3 20
      3 1
      2 961
      2 532
      2 400
      2 384
      2 37
      2 28
      2 200
      2 150
      2 100
      1 979
      1 9
      1 8
      1 713
      1 707
      1 70
      1 7
      1 $68
      1 654
      1 601
      1 600
      1 60
      1 6
      1 508
      1 500
      1 5
      1 430
      1 424
      1 ~40
      1 399
      1 39
      1 38
      1 375
      1 $36
      1 350
      1 31
      1 29
      1 281
      1 $230
      1 220
      1 22
      1 219
      1 212
      1 210
      1 2
      1 183
      1 180
      1 18
      1 17
      1 166
      1 14
      1 133
      1 121
      1 120
      1 12
      1 108
      1 050
