 124097 NOUN
  72872 PUNCT
  50168 ADJ
  47722 ADP
  37908 VERB
  36516 PROPN
  18359 NUM
  14993 CCONJ
  12424 ADV
   8841 PRON
   7717 DET
   5090 PART
   4197 SCONJ
   3071 AUX
   1876 SYM
   1526 X
      4 200
      4 20
      4 150
      3 500
      3 300
      3 100
      2 80
      2 600
      2 50
      2 400
      2 40
      2 330
      2 30
      2 25
      2 220
      2 18
      2 10
      2 000
      1 قمкум1
      1 98
      1 9
      1 790
      1 752
      1 610
      1 60
      1 55
      1 495
      1 487
      1 425
      1 405
      1 404
      1 36
      1 35
      1 349
      1 344
      1 34
      1 302
      1 3
      1 267
      1 260
      1 26
      1 230
      1 21
      1 183
      1 167
      1 160
      1 15
      1 148
      1 145
      1 14
      1 13
      1 120
      1 12
      1 105
      1 0
