  90735 NOUN
  59313 PUNCT
  44661 ADJ
  30298 ADP
  21833 VERB
  19410 PROPN
  11636 CCONJ
   9373 DET
   9176 ADV
   6955 NUM
   4088 PRON
   3870 SCONJ
   3088 PART
   2779 X
   2660 AUX
    118 SYM
     12 INTJ
     12 26000
     12 26
      8 4
      7 4000
      7 000
      6 1
      4 19000
      4 _
      3 19
      2 830
      2 70
      2 690
      2 50000
      2 4500
      2 38
      2 30000
      2 16
      2 126806
      1 Homo
      1 954509
      1 944
      1 92509
      1 912
      1 829
      1 80000
      1 742509
      1 7224035
      1 700
      1 676
      1 675
      1 644
      1 60
      1 6
      1 598
      1 588
      1 568
      1 54509
      1 536
      1 522
      1 51
      1 465509
      1 46509
      1 44509
      1 4400
      1 415509
      1 41509
      1 402509
      1 40
      1 39
      1 37233
      1 37
      1 367509
      1 34000
      1 323
      1 32
      1 301509
      1 3
      1 2909892
      1 29
      1 278
      1 2640
      1 246
      1 233
      1 22
      1 213806
      1 20233
      1 2000
      1 200
      1 19734
      1 19600
      1 19500
      1 195
      1 19078
      1 18
      1 147806
      1 114806
      1 10
      1 091
      1 055
      1 037
